1
00 00 00 00 00 00 00 00 00 00 00 00 00 00 00 00 00 00 00 00 00 00 00 00 00 00 00 00 00 00 00 00 00 00 00 00 00 00 00 00 76 19 40

2
48 c7 c7 eb 59 dc 79 68 a4 19 40 00 c3 00 00 00 00 00 00 00 00 00 00 00 00 00 00 00 00 00 00 00 00 00 00 00 00 00 00 00 78 89 64 55

3
48 c7 c7 a8 89 64 55 68 bb 1a 40 00 c3 00 00 00 00 00 00 00 00 00 00 00 00 00 00 00 00 00 00 00 00 00 00 00 00 00 00 00 78 89 64 55 00 00 00 00 37 39 64 63 35 39 65 62 00

4
00 00 00 00 00 00 00 00
00 00 00 00 00 00 00 00
00 00 00 00 00 00 00 00
00 00 00 00 00 00 00 00
00 00 00 00 00 00 00 00
a1 1b 40 00 00 00 00 00
eb 59 dc 79 00 00 00 00
92 1b 40 00 00 00 00 00
32 19 40 00 00 00 00 00

5
00 00 00 00 00 00 00 00
00 00 00 00 00 00 00 00
00 00 00 00 00 00 00 00
00 00 00 00 00 00 00 00
00 00 00 00 00 00 00 00
d2 1b 40 00 00 00 00 00
99 1b 40 00 00 00 00 00
ba 1b 40 00 00 00 00 00
48 00 00 00 00 00 00 00
0d 1c 40 00 00 00 00 00
f2 1b 40 00 00 00 00 00
7e 1c 40 00 00 00 00 00
c5 1b 40 00 00 00 00 00
99 1b 40 00 00 00 00 00
49 1a 40 00 00 00 00 00
37 39 64 63 35 39 65 62

6
d2 1b 40 00 00 00 00 00
99 1b 40 00 00 00 00 00
ba 1b 40 00 00 00 00 00
48 00 00 00 00 00 00 00
0d 1c 40 00 00 00 00 00
f2 1b 40 00 00 00 00 00
7e 1c 40 00 00 00 00 00
c5 1b 40 00 00 00 00 00
99 1b 40 00 00 00 00 00
49 1a 40 00 00 00 00 00
37 39 64 63 35 39 65 62
00 00 00 00 00 00 00 00
00 00 00 00 00 00 00 00
00 00 00 00 00 00 00 00
00 00 00 00 00 00 00 00
00 00 00 00 00 00 00 00
00 00 00 00 28 01 00 00
00 00 00 00 00 00 00 00
00 00 00 00 00 00 00 00
